0,209
5,64
273,8
273,7
273,6
273,5
273,4
273,3
273,2
273,1
273,0
0,208
21,138
21,137
272,5
272,4
272,3
272,2
272,1
272,0
271,6
271,5
271,4
271,3
271,2
271,1
271,0
21,136
270,5
270,4
270,3
270,2
270,1
270,0
269,6
269,5
269,4
269,3
269,2
269,1
269,0
268,4
268,3
268,2
268,1
268,0
21,107
21,106
21,105
267,5
267,4
267,3
267,2
267,1
267,0
266,3
266,2
266,1
266,0
5,36
265,6
265,5
265,4
265,3
265,2
265,1
265,0
264,4
264,3
264,2
264,1
264,0
25,11
263,5
263,4
263,3
263,2
263,1
263,0
262,6
262,5
262,4
262,3
262,2
262,1
262,0
261,4
261,3
261,2
261,1
261,0
260,4
260,3
260,2
260,1
260,0
259,6
259,5
259,4
259,3
259,2
259,1
259,0
21,104
21,103
21,102
258,6
258,5
258,4
258,3
258,2
258,1
258,0
0,207
21,101
257,5
257,4
257,3
257,2
257,1
257,0
256,3
256,2
256,1
256,0
255,4
255,3
255,2
255,1
255,0
5,35
254,6
254,5
254,4
254,3
254,2
254,1
254,0
253,4
253,3
253,2
253,1
253,0
21,100
252,4
252,3
252,2
252,1
252,0
251,4
251,3
251,2
251,1
251,0
250,6
250,5
250,4
250,3
250,2
250,1
250,0
249,4
249,3
249,2
249,1
249,0
248,4
248,3
248,2
248,1
248,0
247,6
0,206
247,5
247,4
247,3
247,2
247,1
247,0
21,135
246,5
246,4
246,3
246,2
246,1
246,0
0,205
245,5
245,4
245,3
245,2
245,1
245,0
21,99
5,34
244,6
244,5
244,4
244,3
244,2
244,1
244,0
243,5
243,4
243,3
243,2
243,1
243,0
21,98
242,6
242,5
242,4
242,3
242,2
242,1
242,0
241,5
241,4
241,3
241,2
241,1
241,0
240,5
240,4
240,3
240,2
240,1
240,0
175,7
175,6
176,8
176,7
176,6
99,7
99,6
99,5
15,9
15,8
15,7
15,6
15,5
41,6
41,5
239,4
239,3
239,2
239,1
239,0
238,5
238,4
238,3
238,2
238,1
238,0
5,33
237,5
237,4
237,3
237,2
237,1
237,0
236,6
236,5
236,4
236,3
236,2
236,1
236,0
21,97
5,32
235,6
235,5
235,4
235,3
235,2
235,1
235,0
5,31
234,4
234,3
234,2
234,1
234,0
233,4
233,3
233,2
233,1
233,0
4,5
4,4
232,4
232,3
232,2
232,1
232,0
0,204
231,4
231,3
231,2
231,1
231,0
230,5
230,4
230,3
230,2
230,1
230,0
229,7
229,6
229,5
229,4
229,3
229,2
229,1
229,0
228,5
228,4
228,3
228,2
228,1
228,0
227,4
227,3
227,2
227,1
227,0
226,5
226,4
226,3
226,2
226,1
226,0
22,8
21,96
225,5
225,4
225,3
225,2
225,1
225,0
224,4
224,3
224,2
224,1
224,0
21,95
223,5
223,4
223,3
223,2
223,1
223,0
222,6
222,5
222,4
222,3
222,2
222,1
222,0
21,134
221,4
221,3
221,2
221,1
221,0
220,4
220,3
220,2
220,1
220,0
219,4
219,3
219,2
219,1
219,0
0,203
218,5
218,4
218,3
218,2
218,1
218,0
21,94
217,4
217,3
217,2
217,1
217,0
21,93
216,4
216,3
216,2
216,1
216,0
215,4
215,3
215,2
215,1
215,0
214,5
214,4
214,3
214,2
214,1
214,0
213,4
213,3
213,2
213,1
213,0
212,7
212,6
212,5
212,4
212,3
212,2
212,1
212,0
21,92
5,30
211,4
211,3
211,2
211,1
211,0
21,91
21,90
210,4
210,3
210,2
210,1
210,0
209,5
209,4
209,3
209,2
209,1
209,0
208,4
208,3
208,2
208,1
208,0
21,89
207,4
207,3
207,2
207,1
207,0
21,133
206,4
206,3
206,2
206,1
206,0
0,202
205,4
205,3
205,2
205,1
205,0
204,5
204,4
204,3
204,2
204,1
204,0
203,4
203,3
203,2
203,1
203,0
202,4
202,3
202,2
202,1
202,0
21,88
201,4
201,3
201,2
201,1
201,0
200,4
200,3
200,2
200,1
200,0
5,29
199,5
199,4
199,3
199,2
199,1
199,0
25,10
198,6
198,5
198,4
198,3
198,2
198,1
198,0
21,132
21,87
197,5
197,4
197,3
197,2
197,1
197,0
21,131
196,5
0,201
196,4
196,3
196,2
196,1
196,0
195,4
195,3
195,2
195,1
195,0
194,4
194,3
194,2
194,1
194,0
0,200
21,86
193,5
193,4
193,3
193,2
193,1
193,0
5,28
192,5
192,4
192,3
192,2
192,1
192,0
25,9
191,4
191,3
191,2
191,1
191,0
190,4
190,3
190,2
190,1
190,0
189,4
189,3
189,2
189,1
189,0
21,130
188,5
188,4
188,3
188,2
188,1
188,0
21,85
5,27
187,4
187,3
187,2
187,1
187,0
186,4
186,3
186,2
186,1
186,0
185,4
185,3
185,2
185,1
185,0
184,4
184,3
184,2
184,1
184,0
183,4
183,3
183,2
183,1
183,0
21,84
5,26
182,4
182,3
182,2
182,1
182,0
181,4
181,3
181,2
181,1
181,0
180,4
180,3
180,2
180,1
180,0
179,4
179,3
179,2
179,1
179,0
21,83
178,4
178,3
178,2
178,1
178,0
0,199
177,5
177,4
177,3
177,2
177,1
177,0
176,5
176,4
176,3
176,2
176,1
176,0
0,198
0,197
175,5
175,4
175,3
175,2
175,1
175,0
174,7
174,6
174,5
174,4
174,3
174,2
174,1
174,0
21,129
21,128
21,82
21,152
21,81
173,4
173,3
173,2
173,1
173,0
21,80
172,4
172,3
172,2
172,1
172,0
171,4
171,3
171,2
171,1
171,0
21,79
170,4
170,3
170,2
170,1
170,0
169,5
169,4
169,3
169,2
169,1
169,0
168,6
168,5
168,4
168,3
168,2
168,1
168,0
167,6
167,5
167,4
167,3
167,2
167,1
167,0
0,196
21,63
21,78
21,62
21,77
166,4
166,3
166,2
166,1
166,0
21,76
165,4
165,3
165,2
165,1
165,0
21,61
164,5
0,195
164,4
164,3
164,2
164,1
164,0
5,25
163,4
163,3
163,2
163,1
163,0
162,5
162,4
162,3
162,2
162,1
162,0
5,24
161,5
161,4
161,3
161,2
161,1
161,0
160,7
160,6
160,5
160,4
160,3
160,2
160,1
160,0
159,4
159,3
159,2
159,1
159,0
158,8
158,7
158,6
158,5
158,4
158,3
158,2
158,1
158,0
21,75
21,74
21,73
25,8
157,7
157,6
157,5
157,4
157,3
157,2
157,1
157,0
0,194
156,4
156,3
156,2
156,1
156,0
155,6
155,5
155,4
155,3
155,2
155,1
155,0
22,7
21,60
154,4
154,3
154,2
154,1
154,0
153,4
153,3
153,2
153,1
153,0
5,23
152,5
152,4
152,3
152,2
152,1
152,0
21,59
151,4
151,3
151,2
151,1
151,0
21,58
150,5
150,4
150,3
150,2
150,1
150,0
149,5
149,4
149,3
149,2
149,1
149,0
21,72
148,4
148,3
148,2
148,1
148,0
141,6
141,5
5,22
147,5
147,4
147,3
147,2
147,1
147,0
21,71
21,57
146,4
146,3
146,2
146,1
146,0
145,6
145,5
145,4
145,3
145,2
145,1
145,0
144,5
144,4
144,3
144,2
144,1
144,0
143,4
143,3
143,2
143,1
143,0
21,70
142,4
142,3
142,2
142,1
142,0
141,4
141,3
141,2
141,1
141,0
0,193
21,56
140,4
140,3
140,2
140,1
140,0
139,4
139,3
139,2
139,1
139,0
138,4
138,3
138,2
138,1
138,0
137,4
137,3
137,2
137,1
137,0
136,4
136,3
136,2
136,1
136,0
21,69
25,7
135,5
135,4
135,3
135,2
135,1
135,0
134,4
134,3
134,2
134,1
134,0
133,4
0,192
0,63
133,3
133,2
133,1
133,0
132,4
132,3
132,2
132,1
132,0
131,4
131,3
131,2
131,1
131,0
130,4
130,3
130,2
130,1
130,0
129,4
129,3
129,2
129,1
129,0
128,3
128,2
128,1
128,0
5,21
127,6
127,5
127,4
127,3
127,2
127,1
127,0
126,4
126,3
126,2
126,1
126,0
125,4
125,3
125,2
125,1
125,0
0,62
21,55
124,6
124,5
124,4
124,3
124,2
124,1
124,0
123,4
123,3
123,2
123,1
123,0
122,4
122,3
122,2
122,1
122,0
121,4
121,3
121,2
121,1
121,0
5,20
120,4
120,3
120,2
120,1
120,0
32,5
119,5
119,4
119,3
119,2
119,1
119,0
21,68
118,5
118,4
118,3
118,2
118,1
118,0
21,67
21,66
117,4
117,3
117,2
117,1
117,0
116,4
116,3
116,2
116,1
116,0
115,4
115,3
115,2
115,1
115,0
114,5
114,4
114,3
114,2
114,1
114,0
5,19
113,4
113,3
113,2
113,1
113,0
21,65
112,5
112,4
112,3
112,2
112,1
112,0
111,4
111,3
111,2
111,1
111,0
110,4
110,3
110,2
110,1
110,0
109,4
109,3
109,2
109,1
109,0
108,8
108,7
108,6
108,5
108,4
108,3
108,2
108,1
108,0
0,61
22,6
22,5
21,64
107,4
107,3
107,2
107,1
107,0
106,5
106,4
106,3
106,2
106,1
106,0
105,6
105,5
105,4
105,3
105,2
105,1
105,0
21,127
21,54
5,18
104,4
104,3
104,2
104,1
104,0
5,17
103,10
5,16
103,9
5,15
103,8
103,7
103,6
103,5
103,4
103,3
103,2
103,1
103,0
102,4
102,3
102,2
102,1
102,0
101,4
101,3
101,2
101,1
101,0
21,53
100,4
100,3
100,2
100,1
100,0
99,4
99,3
99,2
99,1
99,0
98,5
98,4
98,3
98,2
98,1
98,0
97,5
97,4
97,3
97,2
97,1
97,0
96,4
96,3
96,2
96,1
96,0
95,4
95,3
95,2
95,1
95,0
0,60
94,6
94,5
94,4
94,3
94,2
94,1
94,0
5,14
93,5
93,4
93,3
93,2
93,1
93,0
92,4
92,3
92,2
92,1
92,0
91,4
91,3
91,2
91,1
91,0
21,52
90,4
90,3
90,2
90,1
90,0
89,4
89,3
89,2
89,1
89,0
88,5
88,4
88,3
88,2
88,1
88,0
87,4
87,3
87,2
87,1
87,0
86,6
86,5
86,4
86,3
86,2
86,1
86,0
85,8
85,7
85,6
85,5
85,4
85,3
85,2
85,1
85,0
0,59
21,51
21,50
21,49
21,48
21,47
84,5
84,4
84,3
84,2
84,1
84,0
25,6
83,4
83,3
83,2
83,1
83,0
5,13
82,4
82,3
82,2
82,1
82,0
21,46
81,4
81,3
81,2
81,1
81,0
80,4
80,3
80,2
80,1
80,0
79,5
79,4
79,3
79,2
79,1
79,0
21,45
78,4
78,3
78,2
78,1
78,0
77,5
5,12
77,4
77,3
77,2
77,1
77,0
21,44
21,43
76,4
76,3
76,2
76,1
76,0
5,11
75,5
75,4
75,3
75,2
75,1
75,0
21,42
74,9
74,8
5,10
74,5
74,4
74,3
74,2
74,1
74,0
5,9
73,6
73,5
73,4
73,3
73,2
73,1
73,0
72,5
72,4
72,3
72,2
72,1
72,0
71,4
71,3
71,2
71,1
71,0
0,58
21,41
21,40
70,5
70,4
70,3
70,2
70,1
70,0
69,4
69,3
69,2
69,1
69,0
21,39
68,4
68,3
68,2
68,1
68,0
67,5
67,4
67,3
67,2
67,1
67,0
66,4
66,3
66,2
66,1
66,0
65,4
65,3
65,2
65,1
65,0
64,5
64,4
64,3
64,2
64,1
64,0
63,5
63,4
63,3
63,2
63,1
63,0
62,4
62,3
62,2
62,1
62,0
61,4
61,3
61,2
61,1
61,0
60,6
60,5
60,4
60,3
60,2
60,1
60,0
21,38
21,37
21,36
59,4
59,3
59,2
59,1
59,0
21,35
58,4
58,3
58,2
58,1
58,0
57,6
57,5
57,4
57,3
57,2
57,1
57,0
0,57
21,34
21,33
56,4
56,3
56,2
56,1
56,0
55,5
55,4
55,3
55,2
55,1
55,0
54,6
54,5
54,4
54,3
54,2
54,1
54,0
21,32
21,31
53,5
53,4
53,3
53,2
53,1
53,0
5,8
52,5
52,4
52,3
52,2
52,1
52,0
5,7
51,5
51,4
51,3
51,2
51,1
51,0
21,30
21,29
21,28
21,27
21,26
50,5
50,4
50,3
50,2
50,1
50,0
49,5
49,4
49,3
49,2
49,1
49,0
48,6
48,5
48,4
48,3
48,2
48,1
48,0
0,56
47,7
47,6
47,5
47,4
47,3
47,2
47,1
47,0
21,25
46,4
46,3
46,2
46,1
46,0
45,4
45,3
45,2
45,1
45,0
44,4
44,3
44,2
44,1
44,0
43,4
43,3
43,2
43,1
43,0
21,24
21,23
42,4
42,3
42,2
42,1
42,0
21,22
21,21
41,4
41,3
41,2
41,1
41,0
40,4
40,3
40,2
40,1
40,0
21,20
21,19
5,6
39,4
39,3
39,2
39,1
39,0
38,4
38,3
38,2
38,1
38,0
21,18
21,17
37,4
37,3
37,2
37,1
37,0
36,5
36,4
36,3
36,2
36,1
36,0
35,5
35,4
35,3
35,2
35,1
35,0
0,55
21,16
34,4
34,3
34,2
34,1
34,0
33,4
33,3
33,2
33,1
33,0
32,4
32,3
32,2
32,1
32,0
21,15
21,14
31,4
31,3
31,2
31,1
31,0
30,5
30,4
30,3
30,2
30,1
30,0
29,7
29,6
29,5
29,4
29,3
29,2
29,1
29,0
21,13
5,5
28,5
28,4
28,3
28,2
28,1
28,0
0,54
21,12
27,4
27,3
27,2
27,1
27,0
26,5
26,4
26,3
26,2
26,1
26,0
25,4
25,3
25,2
25,1
25,0
0,53
21,11
24,5
24,4
24,3
24,2
24,1
24,0
23,4
23,3
23,2
23,1
23,0
22,4
22,3
22,2
22,1
22,0
0,52
21,10
21,9
21,8
21,7
21,6
21,5
21,4
21,3
21,2
21,1
21,0
8,9
8,8
20,4
20,3
20,2
20,1
20,0
19,3
19,2
19,1
19,0
18,5
18,4
18,3
18,2
18,1
18,0
17,7
17,6
17,5
17,4
17,3
17,2
17,1
17,0
0,51
0,50
16,3
16,2
16,1
16,0
15,4
15,3
15,2
15,1
15,0
14,4
14,3
14,2
14,1
14,0
13,3
13,2
13,1
13,0
12,3
12,2
12,1
12,0
11,4
11,3
11,2
11,1
11,0
10,4
10,3
10,2
10,1
10,0
9,4
9,3
9,2
9,1
9,0
8,7
8,6
8,5
8,4
8,3
8,2
8,1
8,0
7,3
7,2
7,1
7,0
6,6
6,5
6,4
6,3
6,2
6,1
6,0
5,3
5,2
5,1
5,0
4,3
4,2
4,1
4,0
3,2
2,2
1,2
0,9
0,2
1,45
3,44
2,44
1,44
3,43
2,43
1,43
3,42
2,42
1,42
3,41
2,41
1,41
3,40
2,40
1,40
3,39
2,39
1,39
3,38
2,38
1,38
3,37
2,37
1,37
3,36
2,36
1,36
3,35
2,35
1,35
3,34
2,34
1,34
3,33
2,33
1,33
3,32
2,32
1,32
3,31
2,31
1,31
3,30
2,30
1,30
3,29
2,29
1,29
3,28
2,28
1,28
3,27
2,27
1,27
3,26
2,26
1,26
3,25
2,25
1,25
3,24
2,24
1,24
3,23
2,23
1,23
3,22
2,22
1,22
3,21
2,21
1,21
3,20
2,20
1,20
3,19
2,19
1,19
3,18
2,18
1,18
3,17
2,17
1,17
3,16
2,16
1,16
3,15
2,15
1,15
3,14
2,14
1,14
3,13
2,13
1,13
3,12
2,12
1,12
3,11
2,11
1,11
3,10
2,10
1,10
3,9
2,9
1,9
3,8
2,8
1,8
3,7
2,7
1,7
3,6
2,6
1,6
3,5
2,5
1,5
3,4
2,4
1,4
3,3
3,0
2,3
2,0
1,3
1,0
0,6
0,0
0,47
0,46
0,49
0,48
0,45
0,12
0,10
0,8
0,11
0,5
0,7
0,4
0,3
